I
1130 Generated by WorldEditor 2.2.0r2

1   4432 1 0 VNKG Manamaya Rai Khanidanda
1302 city Diktel
1302 country Nepal
1302 datum_lat 27.181221
1302 datum_lon 86.771844
1302 gui_label 3D
1302 icao_code VNKD
1302 local_authority CAAN
1302 flatten 1
1302 drive_on_left 1
100 20.12 1 0 0.00 0 0 0 08  27.18084669  086.76947416   40    0 2 0 0 0 26  27.18177171  086.77536704   40    0 2 0 0 0
110 1 0.00 5.0000 New Taxiway 4
112  27.18182374  086.77533515  27.18185355  086.77537912
111  27.18198021  086.77527987
112  27.18193439  086.77491679  27.18191483  086.77482675
114  27.18173881  086.77466175  27.18171832  086.77469211
110 4 0.00 5.0000 New Taxiway 13
111  27.18126863  086.77272865
111  27.18126574  086.77272941
111  27.18106569  086.77277594
111  27.18114892  086.77331452
111  27.18135025  086.77326798
113  27.18135375  086.77326699
110 5 0.00 5.0000 New Taxiway 9
111  27.18156815  086.77228434
111  27.18158813  086.77240995
111  27.18185279  086.77235935
113  27.18183354  086.77223321
110 5 0.00 5.0000 New Taxiway 8
111  27.18165013  086.77535133
111  27.18167695  086.77553601
111  27.18179429  086.77568552
111  27.18202675  086.77565662
113  27.18200105  086.77527093
110 1 0.00 5.0000 New Taxiway 3
112  27.18063050  086.76963168  27.18063796  086.76967879
112  27.18068064  086.76992769  27.18070020  086.77004181
111  27.18090164  086.77026472
113  27.18078114  086.76950664
110 5 0.00 5.0000 New Taxiway 2
111  27.18158612  086.77241273 3
112  27.18161348  086.77264791  27.18162000  086.77269712 3
112  27.18152818  086.77271847  27.18147696  086.77273103
111  27.18152818  086.77271847
112  27.18152818  086.77271847  27.18150274  086.77272471 3
112  27.18144114  086.77266680  27.18141345  086.77263696
111  27.18144114  086.77266680
112  27.18144114  086.77266680  27.18141307  086.77263656
111  27.18139139  086.77260449
111  27.18146381  086.77300250
112  27.18148885  086.77296776  27.18150349  086.77294901
111  27.18148885  086.77296776
112  27.18148885  086.77296776  27.18150732  086.77294411 3
112  27.18155232  086.77291023  27.18157206  086.77290439
111  27.18155232  086.77291023
112  27.18155232  086.77291023  27.18158771  086.77289976 3
112  27.18165425  086.77293586  27.18166077  086.77297355 3
111  27.18169448  086.77321577 3
111  27.18197745  086.77317557 3
113  27.18185273  086.77236084 3
130 Airport Boundary 1
111  27.18049278  086.76943744
111  27.18137939  086.77472861
111  27.18105872  086.77479652
111  27.18123807  086.77586689
111  27.18209811  086.77568478
111  27.18170835  086.77335867
111  27.18204050  086.77328834
111  27.18187205  086.77228304
111  27.18157631  086.77234567
113  27.18106857  086.76931551
120 Linear Feature 10
111  27.18153910  086.77271955 54
115  27.18156390  086.77290313
120 Linear Feature 7
111  27.18157150  086.77281641 1
116  27.18135443  086.77270122  27.18132882  086.77253022
120 Linear Feature 6
111  27.18181210  086.77270881 1
111  27.18177846  086.77250015 1
112  27.18170150  086.77245653  27.18165235  086.77246889 1
111  27.18164459  086.77252778 1
111  27.18166787  086.77270081 1
112  27.18165180  086.77278088  27.18163304  086.77280778 1
115  27.18157150  086.77281641
120 Linear Feature 5
111  27.18157150  086.77281641 1
112  27.18183266  086.77286172  27.18184763  086.77295807 1
111  27.18185681  086.77304790 1
112  27.18180052  086.77311711  27.18173779  086.77312365 1
111  27.18173528  086.77306515 1
111  27.18170452  086.77288091 1
112  27.18165926  086.77282741  27.18161981  086.77280342 1
111  27.18157150  086.77281641 1
116  27.18140219  086.77299593  27.18142094  086.77313552
120 Linear Feature 12
112  27.18063992  086.77000651  27.18064136  086.77000856 23
112  27.18063922  086.77001316  27.18063739  086.77001478 23
112  27.18063330  086.77001237  27.18063186  086.77001032 23
114  27.18063400  086.77000572  27.18063583  086.77000410 23
120 Linear Feature 12
112  27.18148846  086.77513055  27.18148990  086.77513260 23
112  27.18148776  086.77513720  27.18148593  086.77513882 23
112  27.18148184  086.77513641  27.18148040  086.77513435 23
114  27.18148254  086.77512976  27.18148437  086.77512814 23
14  27.18175423  086.77197840  82.02 0 New Tower Viewpoint 37
1300  27.18183923  086.77290536 -99.09 gate turboprops|props|helos Stand2
1301 B airline 
1300  27.18181077  086.77270044  80.65 gate turboprops|props|helos Stand1
1301 B general_aviation 
19  27.18063650  086.77000923 1 WS
19  27.18148571  086.77513357 1 WS
1200 
1201  27.18190222  086.77493498 both 0 C_stop
1201  27.18193985  086.77522704 both 1 C_stop
1201  27.18068575  086.76963459 both 2 C_stop
1201  27.18073928  086.76995388 both 3 C_stop
1201  27.18165212  086.77280092 both 4 C_stop
1201  27.18175425  086.77525531 both 5 C_stop
1201  27.18085479  086.76952479 both 6 C_start
1201  27.18096928  086.77025933 both 7 C_start
1201  27.18137843  086.77286148 both 8 C_start
1201  27.18166387  086.77465135 both 9 C_start
1202 0 9 twoway taxiway_B C
1204 departure 08,26
1204 arrival 08,26
1202 1 0 twoway taxiway_B C
1204 departure 08,26
1204 arrival 08,26
1202 5 1 twoway taxiway_B C
1204 departure 08,26
1204 arrival 08,26
1202 2 6 twoway taxiway_B C
1204 departure 08,26
1204 arrival 08,26
1202 3 2 twoway taxiway_B C
1204 departure 08,26
1204 arrival 08,26
1202 7 3 twoway taxiway_B C
1204 departure 08,26
1204 arrival 08,26
1202 8 4 twoway taxiway_B B
1204 departure 08,26
1204 arrival 08,26
1202 6 7 twoway runway 08/26
1204 departure 08,26
1204 arrival 08,26
1204 ils 08,26
1202 7 8 twoway runway 08/26
1204 departure 08,26
1204 arrival 08,26
1204 ils 08,26
1202 8 9 twoway runway 08/26
1204 departure 08,26
1204 arrival 08,26
1204 ils 08,26
1202 9 5 twoway runway 08/26
1204 departure 08,26
1204 arrival 08,26
1204 ils 08,26
99
